/*--------------------------------*- C++ -*----------------------------------*\
| ========= | |
| \ / F ield | OpenFOAM: The Open Source CFD Toolbox |
| \ / O peration | Version: 2.0.0 |
| \ / A nd | Web: www.OpenFOAM.com |
| \/ M anipulation | |
\*---------------------------------------------------------------------------*/
FoamFile
{
version 2.0;
format ascii;
class dictionary;
location "constant";
object scalarListList;
}



1000
(
(1.6928726956498203 4.321806881864085 3.106944947364399)
(0.7672412217096579 5.490528742892084 5.165408225182605)
(2.6620842389852184 3.3617053530351266 3.1892950784955985)
(3.759785986923505 0.3052804861010483 4.024346408199403)
(4.79360763314156 3.1527450202946836 6.127239756766355)
(6.034619609281574 5.948429472035695 1.2579420030828175)
(5.112658141185388 5.153018205453211 4.6876374643987155)
(5.299208438240948 0.728591160164778 3.5582256659665576)
(3.6690658424642164 3.957346301510995 3.2513651773336503)
(5.664519019947548 3.708225904821202 2.090473328773864)
(2.3809237912760732 4.904827810244317 4.9859279393850615)
(5.527718802112113 4.2027366922612694 0.7321411658176712)
(4.102376532451588 4.2958268404944615 1.564272490871772)
(1.8368829249662024 0.576480917950245 4.08497650474445)
(4.089456511878242 4.082676501082012 1.0825017237184256)
(5.552348841332045 1.501372390712058 1.9931231737572)
(2.5110439984745154 0.8621813728887241 4.459987101896984)
(5.621138950870785 0.4615007348601985 3.3609853518886244)
(6.00564956315078 6.277879996640112 2.885934595435966)
(4.0436564389479575 0.3009804792538818 2.165723448599277)
(0.008770013949111224 3.5300056210300372 0.2847804534575803)
(2.8739645763753656 1.4209922627178158 0.5203508285708371)
(1.0834417252152482 0.7332411675692719 5.3624585389579895)
(5.510038773959112 2.7859444362154604 2.604044146564395)
(5.832909288085772 1.0520016751513146 0.7396311777444797)
(6.132059764441551 4.048396446495764 1.869272976542882)
(0.7857912512480156 1.0023815961381983 1.2970420653442616)
(3.8540261369879163 3.3455753273502906 5.078578086917613)
(1.373632187303443 5.1036181267904155 4.315526871864038)
(5.917009422003609 5.461248696267658 4.138086589314917)
(0.3185905072954171 0.8251113138597796 3.2086151092600765)
(3.340405319117767 3.528225618195629 3.675035851970631)
(5.862109334582809 2.8401545225375284 2.200963504714195)
(3.5415056393422266 1.6380926084201042 4.445707079158022)
(5.084308096041861 2.9600947135257023 3.086544914880167)
(0.12567020009649732 0.06423010226163502 4.60359733057642)
(2.986024754815708 5.5292988046280485 5.1163881471249075)
(4.8961077963589 1.2003919114422523 1.5312124382282084)
(3.4563755037842543 1.057731684275562 1.3439421400261469)
(1.4322622806637615 2.228123547962809 0.8832914065035343)
(6.098599711161041 0.10930017402949378 5.135368177347981)
(3.6793058587700265 4.976587924512379 3.629605779629521)
(1.2281119555825906 4.343956917134955 1.1181617805021364)
(3.333945308831094 1.8370529252369043 2.2865736410365023)
(3.8541261371471527 3.305875264133428 0.9047214406279012)
(0.2677704263714636 2.3252137025654585 3.9810063391863344)
(5.723079113196401 3.70783590420018 3.042694845054993)
(3.2720552102796674 2.6776642637942545 2.980824746535414)
(3.774636010570115 4.658207417535435 4.107536540668188)
(3.576285694724657 0.9182514621725901 3.9066062207144308)
(3.8500661306821535 3.0441548473798448 2.6979342960714785)
(5.201648282889887 4.150716609426478 2.6408042050997063)
(3.119204966886785 1.6702326595986927 5.09569811417889)
(1.5362524462537244 2.618714169924379 1.4318722800427395)
(4.303906853360765 2.052183267802235 4.875627763747279)
(3.7072459032606853 3.3828853867614024 1.9880931657476075)
(4.141486594728956 6.185159848996094 4.340736912007542)
(3.878146175395743 4.955697891247889 5.705299084884164)
(4.551037246881753 1.8898530093137391 2.0243532234867367)
(2.660674236739985 5.7354291328621 2.0607732814806443)
(5.29399842994473 2.711874318269037 0.5352108522333706)
(5.483878732302862 0.24757039420570487 0.2695604292217957)
(2.2848536382976357 5.869059345649741 4.340036910892887)
(6.1865698512413285 5.935029450698013 4.550717246372196)
(1.1143117743715338 6.011109571845089 5.028178006662452)
(1.9548231127696474 5.005097969910684 2.932634669799379)
(1.8720929810333493 3.9844563446799914 1.7880628472269775)
(5.88774937541103 1.1762118729388837 4.893977792967164)
(3.7153059160951414 4.269016797803174 6.069109664202218)
(4.520007197470689 0.2206403513233344 5.524358796761769)
(1.5019223915878581 0.49400078661203806 1.8478629424503623)
(5.710979093928794 5.907699407178697 4.587067304254639)
(0.5536408815806445 3.6027357368426927 2.199483502357496)
(0.09292014794656664 2.5724040961819887 2.985894754608701)
(3.4318054646598637 0.3020704809895589 1.8619829649345463)
(1.6506826284679708 2.5275940248281445 1.467702337097152)
(4.30161684971425 5.064948065213688 1.0764917141483163)
(0.5782309207368825 1.800512867051913 5.709799092049804)
(5.536638816316002 4.164866631958433 5.586478895679439)
(3.701675894391216 0.4464007108154976 6.2629199728183425)
(0.14494023078135726 3.077734900851438 2.0984133414172366)
(5.825869276875527 2.413153842597975 6.1829298454451225)
(0.9234014703732663 0.911731451790375 5.050298041885551)
(6.103249718565535 6.110779730556039 1.750552787497393)
(1.4449523008708645 6.269249982898009 3.10236494007137)
(0.8993414320609813 3.5102855896286136 3.236975154419528)
(0.08646013765989329 0.5604108923609509 4.448167083075238)
(5.111128138749071 3.181435065979615 5.07233807698126)
(4.793867633555575 2.007463196591704 1.3924422172558153)
(4.0981965257955055 3.2555051839260383 0.8201113058979582)
(1.7299527546946885 1.0566616825717323 4.623437362168928)
(3.309935270598427 4.362716947007709 3.923876248214562)
(6.130189761463829 2.544194051261392 5.209168294864466)
(1.4779723534507334 5.92307943166926 5.954199481223637)
(3.4337154677012793 3.012584797108904 0.7574612061363352)
(4.293926837468969 5.0912281070610215 5.301738442269629)
(1.3757521906792551 0.7974512698149833 3.567855681301026)
(4.920587835339978 0.4621207358474643 2.275793623870815)
(0.17622028059051242 0.30550048645136846 0.4831407693189618)
(0.5717309103865147 4.437867066673886 6.1454697857951555)
(5.112378140739526 4.450717087135767 2.2419935700489018)
(1.9514831074511507 2.608134153077165 2.117783372261333)
(5.345968512699902 5.724509115473482 0.32895052379231116)
(3.177015058941365 4.292976835956223 3.7933260403314035)
(5.2330383328742025 2.6407542050200883 4.5336672192223855)
(1.1558218404705758 4.6820574555133225 3.700475892480379)
(0.5733509129661448 2.3116436809570753 1.6323425992640095)
(0.08363013315350233 5.465348702796351 4.983717935865936)
(4.240196751911236 1.9988131828177527 4.810657660291371)
(5.35636852926049 2.9054946265826116 1.2112519287353287)
(2.621354174128221 2.6633442409915977 1.933353078581586)
(0.2358003754635771 2.0086731985184647 0.11406018160914783)
(2.93096466714013 5.097818117554702 0.0676001076279027)
(3.1423250037022474 1.4356422860459528 2.753814385052795)
(1.8616629644249896 4.383696980415512 5.434478653640066)
(1.6040925542797182 3.60835574579178 2.8286745042571866)
(3.4233054511247674 5.789389218786078 4.791407629638359)
(3.1590750303743493 2.8302645067890455 2.0363432425791848)
(4.65503741248764 1.997713181066152 3.3371453139266594)
(5.971459508707845 5.894389385984328 5.098588118780823)
(2.679404266564968 3.374275373051146 0.26727042557528147)
(0.04585007299397928 1.1098617672855127 2.9102546341622655)
(1.433562282733835 3.6497458116997383 2.9211646515349603)
(2.8375445183814576 3.7559159807610554 2.3014536647308828)
(0.23490037403044925 5.965909499870223 4.106216538566267)
(3.6903958764293465 1.7978128627525294 4.9230078391935)
(1.6992027057294863 4.2253467282646255 0.358810571340309)
(2.8175944866137903 2.2959736560047266 0.30413048426982936)
(2.9572347089715403 2.3300037101928837 0.9791115590838811)
(5.031098011312157 2.5849241161183896 4.056386459218754)
(5.753739162018291 0.43837069802881234 2.637474199797133)
(3.4368854727490743 0.6269309982850237 3.992646357721455)
(4.660797421659658 3.1574950278584137 1.7888228484371744)
(3.0678548851188787 0.5764209178547032 3.1372849956767315)
(2.9822747488443424 2.6791942662305717 1.4107122463483108)
(1.870862979074741 5.629848964740278 0.5562508857367153)
(4.151196610190813 2.6049841480612175 2.8738945762639)
(1.1800818791013337 0.552760880179364 0.49891079443054676)
(3.8804261790263337 0.9188814631757796 3.1462150098965447)
(1.5923025355057432 3.898206207338571 0.5925609435554628)
(4.012766389759824 2.972204732809234 4.5431272342861515)
(5.399528597986934 1.881122995412399 6.128119758167635)
(4.595887318299292 3.7096659071142066 5.444498669595556)
(6.130169761431982 0.21613034414177143 3.5670256799793636)
(6.081689684234161 2.8832045910888113 1.6687526572419935)
(5.687689056842629 3.173375053145159 3.7750860112866786)
(5.824249274295897 0.7108711319480826 3.40316541905455)
(0.00398000632168625 3.075424897173076 5.876569357608397)
(2.158423436975018 6.000869555539278 1.4513823111097668)
(3.035124833000795 4.85992773874716 1.5226124245338755)
(2.118123372802737 3.2167451222059986 1.3611821674785074)
(4.4280870511005626 0.48136076648455334 5.627338960743444)
(2.1609334409718524 0.4596207318665536 6.035699611001327)
(2.531194030560656 3.8218860858093278 4.979277928795839)
(5.918589424519545 2.316773689125904 5.484628733497135)
(1.8807129947595296 4.582277296627214 0.29335046710414225)
(0.344080547884783 0.4855407731406361 5.693119065489167)
(4.4873171454163 2.784824434432012 5.26421838252412)
(0.22899036461957625 0.8050812819647228 1.5554024767475008)
(4.09842652616175 3.0653948812016623 0.9855515693387071)
(0.06053009636988713 3.6379257928779922 2.1534434290450437)
(0.27994044575053706 0.2318603691896618 5.6832190497247606)
(3.613975754740867 5.535358814277775 1.3131820910450211)
(6.276189993949016 1.9786831507634595 5.981289524360786)
(5.75727916765526 4.742097551118875 5.078648087029078)
(2.545704053665862 4.42961705353688 4.94875788019688)
(6.1553998016073335 4.32258688310613 0.19334030785178916)
(0.5895209387146755 3.9627263100779153 1.801942869328994)
(0.2924104656073198 0.05954009479344648 5.717799104788718)
(4.448927084285435 3.8220460860641063 4.138966590716198)
(1.9905531696648235 1.6155025724485947 1.9723431406678698)
(6.208879886766976 3.538215634103348 1.89784302203673)
(5.067618069465301 5.881379365267669 2.3479037386962043)
(0.6468010299253023 0.05032008011184768 0.6571810464540436)
(4.434877061912717 5.529998805742703 4.277456811242729)
(1.8364329242496384 1.4000522293737074 4.662167423841197)
(0.026030041433318954 1.248211987589113 4.215326712309135)
(2.0633032855093263 2.5227340170892543 2.8995946171876623)
(1.7519127896630082 2.44251388934979 5.075008081232872)
(1.7131227278951973 4.50614717540052 0.9111014507871854)
(0.6238909934442363 5.859069329742022 4.204456695000136)
(1.5024023923521932 2.588834122344534 5.264508382985906)
(1.335372126379585 3.7401959557290887 6.094909705285217)
(1.172761867445227 0.07698012256427977 0.40268064119733066)
(5.782549207894306 1.40099223087053 1.3177920983858207)
(0.09279014773955928 0.8990114315355011 2.1656534484878116)
(2.317633690495337 4.757917576310079 0.7930112627448859)
(0.9182614621885138 2.30954367761311 0.28219044933335674)
(1.5468824631805569 3.8244960899653986 1.6196925791206012)
(4.658857418570471 4.223946726035316 0.7331111673622646)
(1.6527226317163939 5.957609486653599 2.7815144291612866)
(0.6478310315654375 2.263983605064993 4.482597137900341)
(1.1930718997861458 3.054334863590113 2.578134105306236)
(5.135288177220592 1.4698023404411171 4.522687201738226)
(0.17564027966694112 2.231243552930986 1.5289524346294652)
(5.365688544101326 4.810277659686273 0.093050148153574)
(5.351998522301859 5.4487886764267985 1.4676923370812285)
(2.9786747431118306 3.0099347928891387 0.32470051702476294)
(5.715589101269592 0.9571115240518666 0.06474010307374081)
(1.9711131387092617 4.798967641676633 6.199929872515315)
(2.0658732896017025 2.6847942751478118 6.165359817467282)
(4.6232573618823025 3.043614846519968 3.0518348596092024)
(4.343486916386544 5.197028275533164 5.225168320342295)
(1.8831329986130512 4.986727940658953 5.912229414392107)
(1.7644028095516384 0.6310010047659464 3.3333053078119805)
(0.24696039323436264 0.39419062767815777 1.2731320272708313)
(2.3232536994444244 1.5605924850118713 6.192739861066216)
(2.7505043797820696 6.118849743406418 5.469718709754983)
(2.0669932913851503 5.1248581606122325 3.1042349430490916)
(3.6348557879894337 0.6272109987308857 5.3556485281139885)
(1.1496718306775353 3.236035152922706 0.654621042377591)
(4.187436667898095 2.9629647180957877 3.535625629979125)
(0.3082104907666757 1.3860722071124547 0.8544213605319771)
(5.977419518198336 0.7199211463589795 3.988656351367921)
(0.4450607086817295 2.8793745849900563 5.439058660933094)
(5.560688854612363 5.718919106572166 2.150353424124638)
(4.190336672515952 3.41823544305148 4.8706077557536105)
(5.221728314864562 1.0686617016801039 1.5696624994546156)
(3.6512558141042084 2.051063266018787 2.0541532709391928)
(0.11748018705503371 6.26702997936296 5.512178777366771)
(0.8520013566784556 4.964207904798909 5.9775895184690375)
(3.6246357717154707 4.86854775247334 2.950884698860027)
(5.424138637175019 2.6478342162940276 2.1693334543477123)
(6.135619770110368 4.482797138218814 2.4733139383946106)
(1.8241729047272524 0.7935612636206861 3.432185465264962)
(6.2046898800949695 4.820007675179977 3.767715999550954)
(4.036566427658094 3.1801750639732362 2.3710837756072087)
(4.563857267295863 2.0126332048242275 4.022196404775819)
(3.407575426076877 0.9539015189403772 5.992039541478702)
(3.746345965522129 5.368398548416633 2.4961139747005165)
(1.4357322861892656 6.206489882961225 4.84902772139039)
(5.993629544010561 4.448247083202627 0.26266041823448205)
(2.7381043600367523 0.17448027781979855 4.997717958159036)
(1.2062719208053545 4.2714668017044675 3.736985950617599)
(6.147659789282433 3.220255127795197 4.192606676130619)
(2.858134551168239 2.3306837112756913 3.545815646205317)
(1.196231904818017 4.686767463013359 2.435853878744644)
(0.01792002851924452 3.5600856689283553 2.8275545024737383)
(1.7928328548225552 5.090608106073756 0.824431312776972)
(1.6650626513661693 0.4153806614203572 5.484268732923884)
(1.6541826340412458 3.2183151247060104 3.2877952353434816)
(5.921019428388989 0.48610077403236013 0.47880076240810077)
(1.0698717036068646 3.7924560389460464 1.863952968071504)
(0.12284019559010634 1.3696121809021384 3.627475776237785)
(0.0311400495703005 1.298372067462106 2.59914413876181)
(5.927359438484579 3.9620763090428786 2.0365132428498867)
(1.7683828158892483 4.548577242964537 6.0356296108898615)
(5.90015939517227 3.0997549359152994 0.6484510325527033)
(4.99838795922592 2.959904713223153 3.395385406665956)
(6.026719596701896 5.190578265262414 1.8014728685805828)
(1.8090128805870096 0.8999814330800945 2.9302846660573225)
(0.28826045899900804 1.5926625360789943 2.1388534058124486)
(6.181829843693522 5.347628515343227 4.474047124285626)
(5.430808647796089 3.050174856965878 5.908169407927109)
(1.2887420521276378 6.008639567911949 5.899819394630867)
(2.3740237802887596 3.7364359497417987 4.875617763731356)
(3.219455126521306 0.006090009681574912 5.9507194756822095)
(0.24529039057511426 0.23115036805908312 0.7028711192091682)
(5.227428323941038 0.648741033014489 1.4182522583547377)
(1.6289425938499709 0.7553012026968282 3.3780153790065883)
(4.55547725395185 5.311628458018112 2.5461040543028077)
(1.5623324877825853 5.700609077415976 3.8912761963034863)
(3.222635131585024 1.5292024350275562 0.6289210014538287)
(5.820339268069753 6.194309863566228 5.276908402731224)
(3.2623151947700393 5.893949385283689 1.4422722966033281)
(2.8666745647670298 5.552778842016762 1.9053830340431566)
(4.296886842182367 0.3364705357668907 3.2118451144034132)
(0.24869039598915288 6.077419677434765 2.4236938593814945)
(3.3284953001527082 6.196109866432484 1.699182705697639)
(1.1806818800567522 2.775054418874613 4.7969076383963625)
(1.6871826865892674 0.2579604107503699 3.0262948189402183)
(3.8098260666054142 1.6400526115411382 2.1163333699524047)
(1.8404329306190956 4.048896447291946 2.5689540906883317)
(4.401307008457048 2.949704696981037 4.340696911943847)
(6.06290965432956 2.70529430779128 0.39170062371317066)
(6.104679720842616 4.668577434048252 2.626334182058195)
(2.0610832819742773 4.403137011371074 4.044016439521208)
(2.8562345481427465 0.17478027829750784 5.469618709595747)
(2.792474446613599 6.185709849871895 0.6747110743681898)
(0.8570913647835898 0.5216308306090635 0.45756072858628316)
(1.29311205908627 4.551537247677935 2.1434434131214006)
(1.935343081750391 2.1715834579305318 3.6229657690562225)
(0.1767302814026182 4.617417352582895 5.868519344789864)
(5.382298570550497 0.2285303638870887 5.228908326297738)
(3.991556355985778 1.1751318712191303 3.448745491634515)
(5.103558126694873 4.898517800196498 4.224566727022582)
(3.2919052418880987 1.162931851792286 1.722882743436673)
(2.8702045703880756 4.302076850446738 2.430953870942059)
(0.12478019867929308 4.132386580238441 4.5146071888719215)
(1.5106424054732748 3.6294057793110484 5.268128388750266)
(2.77463441820582 4.379926974412299 3.037034836042211)
(3.269165205677735 4.676977447424112 4.52338720285288)
(5.723929114549911 5.241138345772353 1.4788123547883194)
(2.894424608955139 2.504843988601857 4.460097102072144)
(1.5687324979737167 2.673504257170019 1.9611831228970844)
(5.7628791765725005 3.470855526841689 2.262323602421668)
(3.3554553430828498 4.882877775291921 3.6551658203303528)
(1.9845731601424852 3.258425188575742 6.039409616908999)
(3.129254982890046 3.9565563002530273 2.588524121850901)
(4.225396728344244 1.974863144680628 4.9124678224099805)
(1.0193716231924677 5.500478758736109 0.5762409175680776)
(4.013016390157915 5.619018947494973 2.4410338869930914)
(2.588474121771283 2.364603765288688 1.6863326852357579)
(5.126878163828809 0.936181490723682 1.4756423497405247)
(1.110161767763222 4.848817721055993 0.4401807009109917)
(3.173225052906304 2.0568232751908053 5.570898870870403)
(4.861207740785386 2.8534045436363553 4.283446820780991)
(1.4602723252658854 0.7561812040981089 5.390008582827625)
(2.195813496513519 4.842517711024097 2.909714633302389)
(3.251675177827283 0.7802812424740884 1.6194825787862048)
(6.025109594138189 2.503633986675096 3.4896155567144436)
(2.657824232201747 2.7855144355307435 6.0327696063357)
(2.1365334021181632 3.1301449843072504 1.632272599152544)
(3.4934455628131986 2.766284404909578 0.39486062874504185)
(4.758817577743206 5.646668991523845 1.8349129218292448)
(0.40411064347441156 4.0234564067821985 2.782064430037087)
(0.9415714993065255 1.38732220910291 3.8147860745035413)
(2.619084170513554 2.0853933206846533 5.435128654675102)
(4.9906579469169445 4.592117312296078 0.763041215021728)
(1.971223138884422 4.7111975019148185 1.9710931386774144)
(1.7737928245039392 0.35360056304409104 5.663699018641809)
(5.023117998605089 2.34926374086182 5.645038988928292)
(1.9542231118142288 5.873039351987351 5.083258094369878)
(0.44916071521042306 1.890223009902914 1.628772593579269)
(1.2438819806941757 2.8299145062317184 3.4218354487839915)
(0.03757005980920292 3.153005020708698 0.18032028711920603)
(0.4676307446213916 2.532794033108439 5.894299385841016)
(1.2314519609010874 1.1356818084003588 1.896353019664107)
(1.0904017362981036 0.3946806284584163 0.45253072057669075)
(6.079389680571723 3.011994796169409 2.2436535726922266)
(5.71099909396064 1.4776923530048713 2.935994675149723)
(3.758275984519035 2.7418443659921947 0.17462027804272953)
(2.914674641200516 0.3460505510217406 3.777376014933193)
(2.6594542347973005 4.102066531957956 5.754219162782626)
(1.0020115955490236 1.1098317672377418 0.9473615085263147)
(2.398443819174296 0.3574005690950754 3.9115462285807103)
(5.345788512413276 4.683327457535626 0.258880412215345)
(4.640797389812372 2.8982046149742757 1.687672687369526)
(5.14735819644043 5.86677934201915 4.3178268755264755)
(4.23301674047806 3.2610151926999658 0.2892804606232196)
(0.028270045000214974 5.363488540598125 5.1381981818543725)
(2.6226541761982944 0.8030412787162997 4.039746432721813)
(6.218329901814818 2.285903639969618 5.031408011805789)
(0.07251011544641138 1.5236824262377053 2.2398735666730896)
(3.3488253325254744 5.140338185262032 0.501730798921014)
(4.933727856263645 1.3037920760927204 2.89585461123222)
(1.6649926512547037 4.4724571217537665 5.662399016571736)
(6.205189880891152 1.855802955093735 2.1081933569905593)
(1.4194022601859566 2.085733321226057 5.924019433166083)
(0.8512313554523351 3.517355600886629 5.166278226567962)
(4.201446690207119 5.763089176906897 6.250349952802323)
(1.0647216954061884 1.3692421803129635 3.2728952116172536)
(0.5719109106731403 2.5423340482995944 1.6891626897421488)
(1.8498329455873201 5.951139476351003 3.346715329165586)
(3.5599156686576534 1.0999817515529535 3.5052955816827156)
(4.070196481209305 5.314088461935328 0.9283014781758513)
(4.975277922426382 5.928149439742548 5.051808044290021)
(4.181046657722888 3.1321849875556738 3.743965961732302)
(2.49266396920686 0.30664048826666374 3.76542599590444)
(1.3644821727333096 5.951979477688588 0.5581208887144365)
(2.5186040105127896 5.09473811265022 1.1037517575561668)
(5.563318858800281 4.834997699049518 5.095548113940035)
(0.11702018632254614 4.416107032024039 4.535387221961252)
(2.5841941149559635 5.290638424594386 4.7525975678387)
(4.143756598343623 2.6276941842238104 5.688559058227986)
(6.046959628931349 3.8488161286916984 3.6585858257762385)
(3.1391049985748345 3.5287056189599637 4.156806619123977)
(3.4792855402653204 1.1290817978907546 3.2307451444990987)
(5.896619389535301 1.389062211873624 4.5193771964675)
(5.417088625948851 4.352626930940754 5.095988114640676)
(2.686774278300693 2.3641237645243534 1.8076228783736232)
(5.456348688465073 3.9857363467182174 3.4979655700106855)
(4.805717652425091 3.1006149372847327 1.7238427449653426)
(5.825449276206734 0.2051303266257642 0.2486503959254583)
(1.1694418621585774 6.274669991528623 2.5915141266120703)
(5.201458282587338 0.06700010667248411 0.9691015431443145)
(4.61874735470074 5.634398971985536 5.103888127220354)
(6.157319804664673 5.598908915472527 2.995014769131063)
(2.284333637469606 0.6321910066608599 4.586397303187755)
(5.712529096396958 4.040886434537108 0.47977076395269413)
(1.7024427108887465 0.8322513252292607 0.8841914079366622)
(3.2348951511074104 0.8364713319490381 0.04730007530290751)
(2.980824746535414 2.0437132543149095 0.2524904020401372)
(3.111334954354878 0.052670083853903774 3.370885367653031)
(5.9188394249176355 5.006387971964835 3.7171159189773206)
(0.1285302046506592 1.1949219027320197 1.3454921424943116)
(2.1019433470382825 3.609395747447839 4.753497569271828)
(3.174275054578287 1.7781128313829528 0.561190893602995)
(1.044461663144888 4.149006606703535 0.589980939447163)
(0.22435035723100594 1.0312616421256793 3.235595152222065)
(1.1344118063780562 5.1727782369183295 1.4201822614280009)
(3.3991854127169403 3.243645165040598 2.1693334543477123)
(5.365328543528075 1.495072380680163 0.5598908915329214)
(0.6545510422661256 4.320816880287645 4.693047473013406)
(6.065799658931493 4.171726642882052 2.465203925480536)
(5.8637793372420575 4.195996681528734 0.7925312619805509)
(5.87484935486953 2.180483472102574 4.548177242327591)
(0.23984038189672885 2.059973280206753 0.3585205708785234)
(5.096828115978261 1.913973047721566 0.9170914603254475)
(0.7536312000375799 4.235976745191458 1.9849831607953545)
(4.804207650020621 6.098279710651485 0.06188009851957893)
(6.276039993710162 3.654595819422705 3.7846460265096815)
(3.541985640106562 1.2420919778438435 6.256139962022112)
(3.789136033659397 4.5056171745565665 2.096083337707028)
(2.8516345408178707 0.3559905668498417 3.6614158302826296)
(6.182159844219002 3.124724975676636 5.528818803863714)
(1.671622661812079 5.226158321918736 0.5040408025993756)
(1.1610718488304883 1.1283017966487103 1.1272017948971096)
(5.36981855067779 2.4405738862606037 1.0911617375083005)
(1.585562524773208 5.613818939214679 1.1070917628746637)
(0.4193606677579671 5.778119200840132 0.9765715550392758)
(6.2703499846496085 5.696919071540151 5.918749424774322)
(1.5041823951866016 4.866737749591161 2.4438338914517113)
(2.46392392344231 4.1410065939646215 4.440737071243971)
(3.942706278198782 4.41432702918963 4.798487640912298)
(0.5440008662302528 0.12566020008057366 3.913996232482003)
(5.741929143212468 4.824447682250075 1.306102079771082)
(3.7977160473218827 5.257198371345724 3.7858560284364424)
(1.6861926850128268 5.384548574133317 4.5729272817386075)
(5.206628290819861 0.10652016960272105 3.704585899024996)
(4.647747400879304 4.485577142645586 0.20414032504932353)
(2.1360034012742104 0.9560815224117314 5.82875928147746)
(5.345608512126651 5.456068688019211 0.08165013000062103)
(5.7834092092637395 5.76608918168399 0.7038411207537616)
(6.2457299454456 1.5184024178300217 1.3246021092298215)
(3.2064651058364935 4.445927079508342 0.1961203122785619)
(3.490295557797251 2.516214006707039 4.629227371388717)
(4.100956530190431 1.5063923987057266 5.357368530852855)
(5.476628720758221 4.685357460768125 5.492798746506751)
(1.8314129162559698 1.7227727432615128 4.572167280528411)
(3.015184801249051 0.1832002917052152 0.8678713819492769)
(4.318936877294 5.447938675073289 4.850147723173837)
(2.283433636036478 1.467252336380588 0.4506007175034277)
(2.1087433578663597 6.162669813183822 0.46856074610229037)
(5.7586191697890285 2.9505046982549286 0.6606910520432423)
(5.397908595407303 5.023687999512737 3.812556070952569)
(6.110649730349031 1.862802966240285 5.728929122511732)
(2.503663986722867 3.69910589029884 4.83011769127878)
(0.6195409865174516 1.785002842354343 3.179815063399985)
(4.74235755153289 4.8944477937155755 4.622057359971465)
(3.2443651661871002 1.0481416690047884 4.940457866980257)
(6.05074963496641 5.589378900297295 6.194439863773235)
(0.22710036161000774 5.959179489153612 3.316155280502933)
(5.5743288763322125 1.3111620878284453 4.9733979194327365)
(3.9710863233900806 5.266868386743886 4.823267680371085)
(1.5666124945979045 3.220815128686921 0.5088508102586478)
(5.579078883895943 5.732249127798382 3.7169859187703134)
(3.6956658848211066 5.337078498543783 2.9040946243533017)
(0.2355203750177151 5.167788228972432 4.299786846800224)
(0.9508015140040479 1.238631972334263 5.516438784150243)
(0.19175030531992993 2.341563728600615 4.723887522121921)
(0.9499115125868437 4.1966366825478465 1.9912931708431731)
(1.4139122514438767 0.291200463680559 6.223399909888105)
(0.4195506680605163 5.996779549026509 4.187706668328034)
(3.5004555739756724 2.1284133891881654 2.9149246415986068)
(2.4601839174868676 3.4679155221601383 2.2652736071191426)
(1.9885431664641715 0.9416214993861437 2.646454214096565)
(5.1990282787178925 1.82776291044384 1.5081924015719823)
(2.178343468694915 1.9983631821011887 3.9058962195838522)
(2.4781839461494246 3.722065926859524 5.116838147841471)
(6.229249919203436 1.5465824627028477 0.5949609473771372)
(3.691985878961206 0.10742017103584892 5.261778378638752)
(0.2297403658138495 6.243229941464689 4.952687886454872)
(5.35603852873501 2.41569384664258 3.5605256696289955)
(6.273119989060458 6.262549972229167 2.374263780670927)
(3.3043852617608054 3.9423262775936836 1.8681529747594339)
(3.9385162715267756 0.7627512145599422 6.169919824728463)
(0.021660034474686986 5.627908961651091 2.665104243794159)
(0.20799033117992607 6.216779899346654 1.1953819034645072)
(0.04773007598762415 0.04123006563725624 1.7837828404116585)
(0.895681426232928 3.653025816922693 3.406665424627825)
(4.4609171033778825 2.416533847980166 2.3858437991105057)
(5.003037966630414 6.161089810667886 3.163905038065469)
(2.2755036234090293 1.3076620822551703 5.72960912359454)
(1.9220230605400985 0.9342514876504189 5.067898069911163)
(1.5560724778143848 6.212579892658724 2.6961442932211463)
(0.5360308535391093 0.1554702475489533 0.6868110936357977)
(0.17593028012872677 3.7329559442003712 1.7481227836279476)
(4.296626841768353 3.566195678657701 0.5694909068196187)
(0.6889610970593809 4.649977404430277 2.2993936614506123)
(2.994664768573736 1.0846117270783142 5.685949054071915)
(1.5659324935150967 3.9081462231666717 5.0687080712009775)
(0.00815001296184536 2.879634585404071 2.679944267424845)
(5.587878897908748 0.7842712488276219 6.255679961289625)
(3.6748658516999293 3.6034657380051187 3.7601859875604506)
(3.9784563351258053 4.363936948950394 4.313926869316255)
(3.2645551983369354 6.146809787928924 1.179311877875213)
(4.108016541432523 2.484423956085778 4.867927751486074)
(1.5783525132922613 0.42231067245544174 3.598715730441388)
(0.755391202840141 5.604458924310149 2.4730339379487485)
(6.031709604647793 0.8537513594650931 2.2732336197943623)
(0.664201057632441 4.5259072068656385 5.507188769420874)
(0.6127009756256798 4.129786576098294 1.0479716687340865)
(1.7969828614308672 2.137583403790146 2.0700932963214798)
(1.0804317204222316 2.3864938001455425 1.9155930503011962)
(0.24776039450825407 1.774942826335158 4.1698566399043315)
(5.886289373086178 2.595754133363695 4.633157377646709)
(1.5874725278146236 6.025859595332462 6.1447097845849585)
(0.8957714263762407 5.446608672955445 2.608664153921118)
(0.6121509747498795 6.114499736479633 3.3077352670952256)
(1.8437629359216687 0.28203044907857844 0.4436907065001904)
(4.909117817075559 4.952247885754232 0.011620018487349464)
(5.795689228817973 3.416955441013254 4.22321672487289)
(1.4226522653611406 5.159128215182557 3.864086153007101)
(3.1975050915689094 0.9861915703578203 4.714047506453057)
(2.0764233064011455 2.6967642942084122 1.4653023332754778)
(1.9077330377852126 3.7142059143435406 5.032848014098794)
(3.4913155594214627 2.051933267404144 6.202909877260561)
(4.936657860929272 0.1023901630262565 1.2721620257262378)
(1.3655821744849104 0.7269211575055295 2.829954506295413)
(2.23062355194372 1.4776123528774823 3.2083051087664436)
(2.81372448045134 1.5977825442318996 1.1879918916969352)
(6.267529980159142 5.653549002479312 4.514997189492944)
(6.01975958561904 0.8159212992259518 0.6222409908168351)
(3.9240362484693407 5.813509257193904 1.758672800427391)
(5.931619445268051 0.3256005184578908 3.156365026059042)
(4.6883474655292945 6.0285795996636935 6.095819706734268)
(3.5800557007278706 2.386233799731528 4.304416854172871)
(0.25537040662614635 5.81563926058564 0.8634413748951031)
(1.1908918963147916 0.7000811147664718 0.24753039414201028)
(1.7759428279275222 5.927119438102412 3.5839457069221674)
(0.6217909901002713 5.805709244773463 1.3920822166825642)
(4.670307436803043 6.179199839505603 2.4753939417067286)
(0.25237040184905346 1.540802453498982 2.4116938402731227)
(1.1705718639579492 1.7938128563830722 2.239003565287733)
(0.6822810864223875 6.27309998902861 2.473413938553847)
(4.829557690387056 3.4581555066186627 2.5395040437932033)
(0.5716009101795073 4.57496728498703 2.869404569114184)
(3.110944953733856 4.528217210544 5.608708931077697)
(3.7923460387708867 2.705014307345418 3.9054462188672883)
(4.156386618455184 3.2624151949292757 1.996763179553406)
(4.396067000113058 5.214198302874059 2.4566839119135926)
(4.386426984762666 2.177763467771343 5.411568617158999)
(6.184179847435578 2.2299335508449887 1.4754523494379754)
(3.248325172492863 0.9434515023001704 5.8855793719555995)
(5.7704491886266975 5.40338860413346 0.13001020700735835)
(5.024298000484079 4.796847638300821 2.731054348810584)
(5.041188027379112 2.0226832208274885 4.1085565422923995)
(3.7101159078307706 3.3161452804870093 1.7355227635641575)
(1.7893528492811275 4.366906953679716 0.86980138502254)
(5.0514480437167695 0.6412210210399095 2.7703044113108826)
(0.16586026409361831 2.4906439659902837 1.8540129522434028)
(0.7830612469008611 0.4982707934114336 2.361773760782297)
(1.297222065630887 2.7681444078713757 6.158659806798441)
(1.5936125375917405 4.387046985749932 4.574487284222696)
(5.369738550550402 0.9487515107397011 3.093274925596779)
(5.38562857585307 3.182485067651598 5.017747990054093)
(1.5292424350912508 6.204729880158664 0.679101081358669)
(1.874792985332733 1.9157830506037454 1.5119124074955774)
(1.7121727263824513 3.806196060825132 4.364046949125553)
(4.845507715785267 0.7364811727285322 0.3644005802416254)
(6.079739681129051 5.015897987108219 3.439695477223618)
(3.4541855002969766 1.9443730961294405 0.18985030229443775)
(3.881006179949905 2.200983504746042 0.9329214855325744)
(1.5032223936579319 5.609338932080886 2.860864555515393)
(1.0189616225395983 6.030669602991734 4.004966377339382)
(3.551555655345488 0.5113608142554822 3.983786343613107)
(3.1091449508676003 0.4794407634272139 0.6989411129511766)
(5.984349529233421 1.3345221250260753 4.720857517297057)
(5.154018207045576 2.819394489480046 6.130479761925615)
(3.774656010601962 1.3038920762519568 2.5785641059909525)
(0.9044014401183447 5.299168438177253 4.570617278060246)
(6.118479742817243 3.3998754138156717 3.7588259853948354)
(1.424182267797458 0.15702025001711795 4.420637039237449)
(2.0040831912095127 5.395128590980531 3.027624821058063)
(3.705985901254306 0.8202413061049656 0.45503072455760146)
(6.082029684775565 2.0646032875794 0.8497813531434069)
(0.43712069603835696 6.148429790508554 3.3595853496593144)
(4.983667935786318 3.8732961676727764 2.898934616136702)
(0.46322073759906507 4.263306788710774 1.062241691457125)
(0.6649310587948669 5.197788276743361 4.95218788565869)
(5.6939790668586 4.161626626799173 3.149845015676827)
(5.265458384498652 2.370543774747332 0.1466902335679948)
(4.810307659734044 3.453835499739649 4.157306619920159)
(6.226819915333991 0.1599902547464399 3.9282662552050414)
(0.7678912227446947 1.1345418065850637 2.5784041057361744)
(4.122566564601423 5.047318037140306 3.1152349605650986)
(2.1380134044748624 5.242578348065358 3.0116647956439286)
(0.026220041735868168 5.190058264434385 2.32170369697626)
(3.7377959519074144 5.217788308590647 3.3157852799137584)
(1.693552696732628 5.534688813210892 4.990967947410577)
(2.215153527309844 2.5198940125669393 3.4759355349309002)
(0.6844110898141234 1.8329429186922872 4.616137350544669)
(4.953097887107742 4.221406721990711 2.592904128825457)
(1.117861780024427 5.257748372221524 0.4414807029810653)
(2.119653375239054 2.7824544306581087 0.9838015665520696)
(0.7519511973624079 1.9578531175945113 2.273893620845323)
(2.669464250736867 3.856516140952903 0.7200411465500632)
(2.9645347205957995 4.842217710546389 0.8020412771239354)
(2.6331841929658903 1.8302229143610562 6.128279758422414)
(1.240591975455297 2.331353712342575 3.8980962071634107)
(4.813627665020693 0.6536910408966923 4.917327830148871)
(3.2925652429390593 5.109028135405106 1.5751625082126193)
(1.809192880873635 3.469305524373525 4.474787125463975)
(1.6887826891370503 2.2658436080267905 3.3244752937514037)
(4.777767607918509 2.676264261564944 2.0345332396970055)
(3.920856243405622 5.905219403229634 2.357183753473345)
(3.445445486379713 5.8282492806653545 0.93321148599436)
(5.00815797478332 6.101909716431767 3.857986143293679)
(3.700195892034517 1.0501416721895172 3.1308149853741347)
(6.197979869410205 4.717027511198302 4.80609765303019)
(1.8194528972112929 3.168835045915825 0.34869055522558234)
(0.046530074076787005 4.403147011386998 1.0696517032565445)
(2.667404247456597 6.252569956337371 6.031079603644604)
(4.043996439489361 6.1442397838365475 4.595137317105018)
(0.8045012810411516 2.649464218889581 0.5528408803067532)
(5.86880934525165 1.9892631676106738 1.4797123562214471)
(6.045379626415413 3.777406014980964 1.2878520507104336)
(0.06302010033487422 1.2443019813629685 2.3225836983775405)
(1.3589421639116113 1.0199016240364207 6.257119963582629)
(2.617264167615451 2.863154559161907 1.9619031240435867)
(1.4696023401226441 1.7025527110639067 1.3860222070328365)
(5.962729494806505 1.9860931625628788 4.992317949560269)
(1.0550316799761785 3.7811560209523303 1.9753531454608864)
(6.148949791336584 2.1160333694746956 2.4775839451940063)
(1.5225024243587155 4.654767412057701 4.308306860367168)
(6.030089602068164 0.9516615153734812 5.47102871184098)
(0.08048012813755481 5.453488683910911 2.34852373968347)
(0.528310841246057 3.124884975931414 1.4675723368901448)
(1.7172127344079673 2.470303933601594 6.116169739138882)
(2.0225932206841755 2.616754166803345 4.882477774654975)
(5.035728018684803 0.648741033014489 5.047038036694444)
(2.690724284590532 5.318228468527717 3.922206245555314)
(4.919107832983279 4.650147404700978 1.8786329914474118)
(2.9247646572674717 4.310686864156994 0.9633115339245253)
(3.4584455070804485 5.548438835105901 5.690889061938194)
(5.463418699723088 5.759469171142538 2.481743951818242)
(5.900859396286926 4.8223576789220335 3.444795485344676)
(1.800742867418157 0.7674812220918253 1.2495419897069575)
(1.0937917416962186 3.2957752480505484 5.981689524997732)
(1.0356716491480058 5.611108934899371 5.475818719468406)
(5.222328315819981 4.983147934958288 2.733874353301051)
(3.5068455841508803 2.7608143961993457 3.74659596592022)
(0.03924006246845129 5.542998826443439 6.177399836639347)
(3.532445624915406 5.746649150728428 4.6129473454650265)
(0.5493108746857072 4.665377428952686 0.8410213391942957)
(2.498983979270602 5.144758192300282 1.1223717872059902)
(2.9479346941625524 1.1563418412986053 1.6404026120984658)
(4.964317904974068 4.056466459346144 1.299132068672303)
(2.7168143261353164 2.295573655367781 3.583235705791589)
(6.202399876448455 2.5474540564524997 4.589887308745106)
(2.3066736730430244 5.930689443787153 1.443222298116074)
(4.014916393183407 4.850117723126067 4.678797450322215)
(3.647365807909911 2.136433401958927 2.7160243248773486)
(6.211079890270177 2.864964562044087 4.435907063552852)
(2.2693736136478364 5.061728060086275 0.5977709518516808)
(2.9644247204206393 2.8893346008500047 0.5787909216286066)
(4.7321475352748505 4.930487851104385 0.6855010915498004)
(3.7750960113026024 1.5627124883876837 0.9959315858674486)
(2.525704021818576 3.8382261118285603 5.109308135850968)
(1.1489618295469568 1.030651641154337 4.215856713153089)
(0.0912101452236237 1.2077519231620535 5.302958444212313)
(5.435758655678292 2.976924740325193 1.5772425115247368)
(2.1062233538536015 4.690047468236314 0.34968055680202303)
(2.1779834681216634 3.6605258288654254 6.038759615873962)
(2.527134024095657 3.6415857987060454 5.323588477062789)
(0.6666610615496572 4.425657047231118 2.2247535425965417)
(2.369683773377899 4.341846913775067 4.246486761927207)
(1.9352930816707727 6.071049667291405 1.9625331250467761)
(1.5376124484193399 3.3800053821753933 2.62681418282253)
(0.562450895609374 2.0704632969106544 6.270809985382097)
(0.2813304479639235 3.468245522685619 4.225946729220045)
(2.0178632131522924 3.7022158952510926 3.526405615297526)
(6.246469946623949 5.330798488543736 2.74040436369919)
(1.3219021049304378 4.610737341945901 3.8873261900136473)
(0.8648613771562604 5.832609287608062 0.3845306122959187)
(3.7813060211911846 4.677377448061058 2.69346428895361)
(5.068938071567222 3.8071860624015725 3.247765171601139)
(2.2771836260842013 4.283456820796915 5.159598215930968)
(0.3016904803844605 3.7334059449169352 3.2631451960917017)
(4.275136807548444 1.3051720782901832 6.11286973388408)
(3.368215363401418 3.800706052083052 2.75061437995723)
(0.38948062017812196 1.3075920821437048 1.275912031697604)
(1.0345216473167869 1.288622051936554 2.2366535615456766)
(0.39635063111766466 4.918217831566075 6.139209775826956)
(2.4220138567063225 2.1341533983283365 0.575220915943866)
(2.682854272058625 2.810904475960873 5.464708701777238)
(1.9894431678972992 0.22109035203989832 2.333663716020937)
(3.2781652200090132 0.9276814771885854 1.184551886219202)
(5.513868780057867 2.124193382468388 3.351755337191102)
(3.2162151213620453 2.5554640692073374 2.994124767713859)
(4.680997453825417 5.938749456621609 1.57066250104698)
(5.565878862876734 6.246739947053888 0.19009030267660518)
(3.367295361936443 0.27819044296389955 2.8169944856583715)
(1.1092217662663997 1.7496727860961123 2.648914218013781)
(2.9356346745764714 5.94179946147832 2.310773679571718)
(4.529657212837004 0.45269072083146905 5.809059250107883)
(4.001616372004962 2.6965342938421686 4.492957154397235)
(3.3769653773346056 2.7682344080146883 0.9406714978733977)
(1.8140528886125256 5.148118197650626 3.12399497451421)
(3.8988662083895314 1.088061732571971 4.815577668125804)
(4.35143692904584 5.584298892208085 5.0320480128249025)
(1.711562725411109 3.8453261231343467 1.1074817634956857)
(4.900067802664663 5.304868447253729 3.4507054947555487)
(0.5640408981412333 5.496128751809325 1.7090127213505801)
(1.0586416857246135 4.687837464717188 3.3410953202164984)
(2.7282943444156587 0.9415614992906018 4.936767861104433)
(1.9668531319257898 3.2984152522543906 0.967321540309906)
(0.05413008617875564 6.180779842021539 6.029409600985356)
(4.746707558459675 5.380828568209721 5.7685891856649)
(4.3923269941576155 0.25248040202421357 3.1776950600241727)
(0.22212035368003355 1.2028319153276212 0.37237059293276886)
(3.442805482175871 0.13764021915709793 5.306798450326992)
(3.1070449475236352 4.470537118696427 0.62670099791878)
(1.584102522448356 2.3985938194131506 5.918809424869865)
(0.6086209691288335 1.55043246883345 2.89220460542009)
(2.5055539897324355 4.127346572212925 0.5622308952590538)
(1.4913123746928731 5.114998144911521 4.980087930085654)
(5.7429191447889085 2.3637037638555602 6.008219567243156)
(1.1464718255819697 6.253099957181325 4.374346965526906)
(2.9958747705004964 5.725719117400243 4.225546728583098)
(2.721614333778665 3.874306169281064 2.745764372234263)
(0.2989904760850769 6.061249651686235 0.7120711338589197)
(2.2058035124212383 2.225663544045593 5.165828225851398)
(5.276178401568798 4.3854669832339965 5.330278487715706)
(5.274108398272603 1.028971638479165 2.0727433005412452)
(3.018214806073915 0.3842206118022858 2.989834760882616)
(1.0169816193867172 0.07352011705469931 3.1545750232087104)
(5.241028345597193 0.20911033296337408 1.6354526042162625)
(4.756437573953379 2.763424400355416 2.8679345667734086)
(0.5162008219625254 5.279408406712134 0.24867039595730558)
(2.6595742349883844 2.493893971165468 1.1155817763938365)
(5.40470860623538 0.43704069591096784 0.9481315097524352)
(0.31791050621260936 5.479548725407924 3.203195100629462)
(1.1313418014894978 2.758814393014617 0.0622000990291355)
(1.7082527201403832 3.8075560629907477 5.033368014926824)
(2.1994335022778775 1.326072111570597 0.015970025414134146)
(3.7443459623374005 0.9389014950549128 4.45975710153074)
(5.262658380040032 3.549485652049294 5.873279352369519)
(2.7670844061834696 0.5682909049087814 3.038964839115474)
(1.3877622098035503 1.4318322799790448 3.2874352347702303)
(5.974769513978571 4.777037606756084 5.581068887064748)
(2.5897141237458148 4.228806733774206 4.683597457965564)
(1.6511426292004583 4.258606781226662 3.8380161114941638)
(5.18279825287382 1.9001230256673205 3.083644910262311)
(5.99315954326215 5.264748383368074 5.787439215680967)
(4.59107731064002 0.9795715598163687 1.9829431575469314)
(3.6294357793588192 2.2684136121191667 5.099158119688471)
(6.120729746400063 4.754687571166742 1.7240027452201208)
(4.686817463092977 5.834979291381966 0.3599205731078334)
(3.9838363436927255 5.100538121885933 0.8807314024270818)
(2.9592947122518107 4.435477062868135 4.19790668457015)
(3.167855044355308 2.7090143137148748 0.520970829558103)
(0.41419065952544365 4.668207433459077 3.1908150809159923)
(5.643198985998342 0.8034612793850927 4.167376635955268)
(3.2789852213147523 2.3179636910208172 1.4562723188964282)
(2.236393561131662 1.0538616781131123 0.6210609889378453)
(6.197819869155427 3.6559258215405492 4.317146874443668)
(4.8365477015176825 5.639528980154364 5.2058882896415115)
(4.520907198903817 3.966126315491954 4.3941669970875665)
(2.446943896403964 1.01202161148859 1.5175424164605884)
(0.6300210032054294 1.1865618894198542 2.5925441282522055)
(2.8080344713907874 4.2618667864177695 6.014079576574411)
(5.7963192298211625 3.882466182274757 3.273475212540825)
(4.7272275274404185 4.842927711676967 3.485485550137979)
(1.6195725789295174 0.7975512699742198 2.268653612501334)
(5.15339820605831 2.0815733146018216 5.775639196891069)
(1.6091325623052344 0.17390027689622725 5.158858214752619)
(0.4021306403215303 3.533295626268916 5.373698556856164)
(2.1036233497134544 3.1913650817917927 3.202565099626273)
(1.8406529309694157 5.754609163403647 1.1811418807892398)
(1.4517523116989415 4.0693864799194905 3.6190457628141544)
(4.0329664219255825 6.2244099114963936 0.3294205245407224)
(4.2921868346982555 3.222225130932155 4.574247283840529)
(2.535754037821837 5.096368115245774 5.321488473718824)
(1.2853920467932174 1.863192966861307 5.69762907267073)
(5.20766829247592 6.186989851910122 4.800987644893208)
(3.5295256202657024 0.271680432597608 1.4353222855363963)
(0.17774028301090614 5.886739373802742 3.677335855633069)
(1.983853158995983 4.394156997071643 3.1879250763140594)
(0.3964206312291301 1.0600716880016945 2.879324584910438)
(4.845777716215205 1.249471989595492 2.3650237659574813)
(4.625207364987412 0.2705004307186181 1.4002722297240278)
(1.605102555888006 4.0476264452696435 5.745539148960903)
(1.3885822111092891 3.6297357798365284 4.804177649972851)
(4.292736835574056 2.358143755002015 0.5116408147013441)
(1.453672314756281 1.5344824434352398 1.9549231129288838)
(2.979314744130944 5.528548803433775 0.6157509804823909)
(1.3727521859021623 1.7110727246308506 0.8250013136846196)
(4.492017152900412 5.792549223817949 0.4634407379493852)
(2.661534238109418 0.9503315132556367 4.092106516098007)
(2.1811434731535346 5.166748227316373 4.3372169064024195)
(0.8404113382229534 2.793534448301505 6.128359758549803)
(0.9446315041791602 5.292138426982932 0.1688602688707112)
(2.856974549321096 1.1160617771581713 5.905919404344289)
(3.9305362588197084 2.0259132259708252 0.8249713136368487)
(3.0525448607397814 2.8066044691137066 3.6646858354896605)
(1.253251995614629 4.16625663417182 0.09941015828101091)
(5.444778670041418 1.8619429648708516 5.9431994637076295)
(5.311498457811105 0.7688112242096699 2.6943742904026617)
(5.6598990125908255 5.549798837271516 0.47497075630934554)
(4.2972468427556185 3.2200151274130295 2.987204756694698)
(3.2341451499131373 2.1729234600643 4.72522752425569)
(1.0141116148166316 0.028550045446076977 3.6585258256806967)
(3.1409050014410904 1.9432830943937633 0.2708804313237166)
(0.003330005286649459 1.6007325489293742 3.6491758107920904)
(4.501767168425964 5.895349387512998 3.0012747790992638)
(5.308418452906623 0.2580604109096063 4.176266650111386)
(4.3005568480263445 5.894159385618085 4.295506839984904)
(3.9744563287563484 1.4947923802343008 1.3176820982106605)
(1.3402521341503226 2.3493237409573617 3.251375177349574)
(4.515517190320973 5.978789520379875 3.263845197206357)
(3.3422953221273355 5.242948348654532 4.308186860176084)
(1.0926117398172286 3.8897561938830925 3.157245027460323)
(3.2727552113943226 5.582698889660302 4.82226767877872)
(2.3723337775976643 3.549025651316806 5.70580908569627)
(0.8400813376974732 0.07180011431583273 2.758584392648373)
(5.540548822542147 6.224539911703401 4.742737552137989)
(6.2763099941401 0.07655012187956313 5.043398030898238)
(5.3478285156617 0.6420510223615719 4.051726451798337)
(4.8876777829352696 0.40477064452537204 3.1221649716001836)
(0.2949004695723069 1.3833522027812237 0.6244409943200366)
(0.4268206796370047 5.185838257714607 0.08458013466624842)
(2.7495543782693237 2.9579847101658134 0.6999011144798463)
(4.831467693428472 6.028259599154136 4.607057336086001)
(2.217013530271642 5.684629051969994 1.926043066941403)
(1.8035028718130823 1.2653020148026188 5.733609129963997)
(1.5657724932603185 5.125878162236444 1.5930725367318637)
(3.2358451526201564 1.369062180026338 4.597387320687838)
(6.154159799632802 3.480105541571059 1.0734017092279107)
(2.780934428237715 4.80889765748881 2.9305846665350317)
(0.09849015681603576 0.6879810954988639 0.8931914222679409)
(4.012176388820329 2.2458135761317335 3.6184557618746593)
(4.560667262216221 4.205976697420529 4.818967673523918)
(0.976591555071123 1.3953222218418244 2.465623926149329)
(2.4236638593337236 1.8164528924341998 3.1620550351195953)
(5.638868979103404 3.3330253073661185 6.203849878757383)
(1.6650026512706275 1.8899030093933573 0.004550007229333898)
(4.68506746030634 0.807711286152641 1.0079616050235911)
(0.16634026485795317 5.01751798968785 1.8964230197755725)
(1.7626828068127718 1.0895017348649758 4.055706458135947)
(1.9327430776102437 2.0560432739487613 0.015380024474639212)
(3.5850357086578444 2.4696439325506336 2.8197044899736787)
(4.203546693551084 3.440615478688593 5.953619480300066)
(1.690022691111582 4.968067910945435 3.02484481663129)
(1.923523062928645 2.649504218953276 0.19473031006517552)
(2.5312040305765797 5.064428064385658 5.743919146381273)
(0.6166609819314424 2.1598934393157934 2.4170138487445008)
(6.1717198275947185 5.976089516080491 3.0353648333829626)
(4.902477806502261 0.14006022301061952 2.392453809636034)
(1.176401873241433 0.8915014195768453 0.49861079395283747)
(5.1516782033194435 1.2333219638788087 5.664389019740541)
(1.6596626427674022 0.48068076540174565 3.806956062035329)
(4.0729864856520015 2.056803275158958 2.470023933155732)
(4.385946983998331 2.40180382452464 2.3488537402089507)
(2.482433952916973 5.262088379132385 5.412998619436081)
(0.5262008378861683 1.5922925354898196 0.9811015622526861)
(1.2101019269041098 0.09481015095613515 0.5099208119624775)
(4.975637922999633 6.005189562418292 4.235876745032222)
(4.246546762022749 2.3343137170559736 0.4356806937453524)
(3.3191352852481786 2.9994347761693136 4.561347263299029)
(4.652317408156409 1.0948017433045065 6.12579975447335)
(0.563570897392822 0.9733015498322446 3.0025447811215664)
(4.679637451659802 0.3043904846838441 6.02977960157453)
(4.616887351738942 2.7011843012466628 0.99964159177512)
(1.2793120371116424 3.6557358212380002 1.3849322052971593)
(5.618808947160576 5.691279062559216 1.566992495203003)
(1.3361821276694 1.2545219976369317 4.846187716868075)
(0.9005714340195894 3.008664790866836 4.025076409361828)
(3.739405954471121 4.974307920881788 3.8417761174814538)
(5.502918762621478 2.000963186241336 5.427938643226003)
(2.7891344412951025 1.2164719370474701 0.7407111794642331)
(2.4288438675821706 2.159783439140633 2.4158738469292054)
(5.106298131057952 6.188519854346438 3.137074995342335)
(5.147368196456353 5.577368881173 1.5835225215247848)
(4.126656571114194 0.4755407572169932 2.338053723011416)
(2.6655342444788754 5.195058272396206 3.508705587112678)
(3.2309951448971894 0.7058911240181085 1.7764928288033226)
(4.64257739264678 5.391928585884965 4.13224658001551)
(1.5831725209674572 5.6243789560300455 2.4023138253367455)
(3.3743953732422294 3.3102852711557547 5.836189293308727)
(4.295376839777897 6.171709827578795 4.365146950877154)
(4.738117544781265 0.5857309326796147 5.96419949714728)
(6.095979706989047 4.063846471097793 1.297612066251909)
(3.2340751498016718 2.3890538042219953 2.8078544711041618)
(0.12138019326525447 3.433005466570701 2.6039141463573876)
(1.4983123858394232 2.3084736759092803 5.214738303733935)
(4.834187697759703 3.5726256888966037 3.88019617866009)
(6.175309833311307 1.4819123597246486 6.189159855365552)
(4.86799775159754 0.5997509550045622 3.223925133639174)
(0.6281410002117845 0.02240003565303656 0.7365311728081504)
(4.509667181005642 5.109138135580266 0.14693023395016222)
(5.605418925838818 2.7453643715973173 3.340635319484011)
(1.291732056888807 0.4881507772967069 5.661239014724593)
(5.194008270724224 2.4125438416266323 6.129019759600763)
(5.006817972649551 1.5394624513652138 3.906266220173027)
(3.6737858499801757 0.25162040065478025 0.3977606333628983)
(5.523358795169404 5.663629018530344 4.323836885096585)
(3.8062560609206737 6.028119598931206 1.7311227565577547)
(5.1564082108513265 3.652735816460907 2.03210323582756)
(4.0296564166548565 1.000431593033088 3.0895349196413364)
(5.891609381557556 2.2929536511957864 0.27606043957216364)
(4.928117847330482 6.100189713692901 1.6957027001562113)
(0.8729813900862585 0.6358210124411423 1.6585626410158014)
(3.547355648657558 1.5635024896456515 0.6018909584122217)
(5.207418292077829 0.4967807910388108 1.3607821668415616)
(3.694845883515368 0.7152311388907909 1.5011923904254323)
(1.232221962127208 1.1367618101201122 1.989783168438703)
(4.765077587711406 5.718729106269617 3.9694063207149086)
(1.7501927869241418 2.6556742287781634 4.7972876390014605)
(0.7422411819005506 2.8886645997831204 1.089941735565616)
(4.561937264238524 0.12719020251689103 3.644225802909887)
(2.0182932138370093 2.8134744800532494 1.1913218969995083)
(1.8550629539153853 2.0965933385191335 5.963649496271479)
(2.835754515531126 3.661315830123393 4.876607765307797)
(5.870229347512807 4.670347436866737 6.126679755874631)
(3.491865560297263 0.03861006146526179 1.4439622992944237)
(5.8730993520828925 5.408648612509296 5.4702687106307835)
(3.7581459843120277 3.2844752300568323 3.656975823212532)
(5.577288881045611 1.9844031598717833 3.1182349653421917)
(5.673419034119591 1.176371873193662 0.7014611169639346)
(0.6454010276959923 3.817066078134132 4.395426999093945)
(0.7405811792572259 2.249523582039405 1.1040417580179527)
(2.4129138422158074 5.599568916523487 1.4221422645490347)
(0.15281024331326426 5.392998587588795 0.4877807767075321)
(0.3948406287131946 1.6983927044396712 5.021987996805717)
(0.08994014320132104 1.051261673972965 2.999244775866764)
(1.8899830095207466 3.209275110311037 0.6926711029670525)
(5.288798421664435 4.291696833917997 0.8253113141782525)
(5.409728614229049 4.934147856932438 5.614628940504494)
(1.146881826234839 0.30950049282082565 5.3682785482255495)
(3.8566261411280633 5.422968635311952 5.05833805468816)
(0.663361056294855 0.9516315153257102 0.556120885529708)
(2.6433042090806174 2.7960444522983394 2.2249435428990907)
(1.9235430629604922 1.8441429365267672 1.7116927256181165)
(2.5171040081242433 5.8408793007769155 0.7231511515023161)
(5.315398464021325 1.9197330568935842 5.491388744261518)
(3.669155842607529 1.3219721050419033 1.8207828993291373)
(0.29854047536851297 5.119488152061236 0.16250025874327428)
(2.9556647064715285 3.7138959138499077 1.9139230476419478)
(2.3245737015463455 0.8525513575542559 5.197758276695589)
(4.237486747595928 0.5432708650678268 6.028849600093632)
(0.06039009614695613 2.825694499511941 5.008147974767396)
(1.0410316576830783 0.816001299353341 2.8492045369484256)
(3.337485314468063 1.2899020539747805 3.106744947045926)
(3.885986187879879 4.288626829029439 3.50931558808402)
(4.2488567657011105 0.15562024778780795 0.9497315123002181)
(5.063518062936607 3.181045065358593 6.200899874059909)
(3.995916362928486 4.881187772600825 5.169888232316397)
(6.1257397543778085 4.154626615652623 5.006337971885216)
(3.662445831922765 4.762997584399289 3.719785923228933)
(1.9805031536615625 5.0961481148954535 5.825519276318199)
(6.206539883040843 4.646797399366558 1.922513061320357)
(2.7193443301639983 3.369225365009706 2.1507334247297365)
(0.7662112200695227 5.2934784291167 5.779939203738235)
(0.8502313538599707 4.281786818137666 5.1336081745454205)
(1.7131827279907392 2.6432142089373043 5.784489210983493)
(4.729637531278016 4.812787663683107 3.1848350713936537)
(1.8691929764154929 2.005413193327357 2.5812341102425655)
(1.1776218751841174 2.251093584539417 4.163356629553963)
(4.124536567738382 4.301106848902145 3.300415255439119)
(6.174479831989644 3.5408456382912665 6.102379717180178)
(1.9867231635660685 4.430397054778925 4.864707746358661)
(0.04931007850355974 5.052338045133974 2.271903617676518)
(1.8946330169252406 5.520138790041991 6.174929832706208)
(4.998157958859677 4.15192661135324 5.1595782158991215)
(5.604738924756011 0.7837812480473634 2.4404138860058255)
(3.406675424643749 3.4497854932905736 3.640055796269728)
(2.031433234760676 0.21149033675320109 0.8624513733186625)
(0.8392613363917345 3.9670363169410052 2.720824332520697)
(2.9471546929205084 0.6659910604827731 4.141696595063353)
(5.151808203526451 1.8632329669250016 2.4821439524551874)
(2.2649936066732805 3.6970358870026456 1.2793620371912608)
(2.3956338146997522 2.891094603652566 5.547858834182329)
(1.624152586222546 2.070693297276898 5.261688378495439)
(2.8641045606746536 3.6623758318112993 3.7968160458887548)
(1.117251779053085 5.08534809769792 1.552342471874866)
(6.18909985527001 0.4079506495890905 3.300075254897715)
(0.10350016479378088 4.711807502886161 0.4572607281085739)
(3.6791358584993246 3.875936171876618 3.6707658451712355)
(3.4210654475578712 3.282885227524973 2.140523408471697)
(2.819164489113802 1.6176625758881018 0.06420010221386409)
(1.2838520443409764 5.619508948275231 3.0322048283510914)
(1.696352701191248 2.6278341844467414 4.989777945515664)
(1.3378521303286484 5.495828751331615 5.426248640534908)
(1.6536526331972927 5.840799300649526 5.966619501000801)
(5.663489018307413 0.9048714408667559 0.9509015141632844)
(5.733619129979921 3.371275368274053 1.0992217503427566)
(2.3476737383299606 3.8557561397427067 5.08040808983164)
(4.1298865762575305 0.019090030382310746 0.0419900668474531)
(2.1042633507325674 2.890084602044278 2.7149643231894425)
(1.725902748245613 1.719322737767856 0.7113311326805702)
(1.442582297096961 5.184168255055359 6.042909622482274)
(5.883719368993802 2.929764665229293 2.9127246380954053)
(2.975254737665945 5.925849436080109 6.072009668820074)
(0.5995709547179366 3.0439148469976773 4.1883266693153)
(1.9903831693941216 0.9631815337175179 4.869987754766345)
(2.5180440096210654 5.615508941905774 3.0212848109624733)
(1.5723325037062281 2.019023214999435 0.8683413826976881)
(5.7317491270022 2.2495635821030997 4.542587233426275)
(1.5884025292955224 0.968191541695263 1.3584321630995055)
(2.7344543542246225 2.572534096388996 1.212951931442348)
(3.680395860505704 1.9987431827062871 2.9231546547037652)
(5.45282868285995 0.4058606462610491 3.2077751079224908)
(0.3860206146685415 3.3134852762513205 2.8264345006902905)
(1.8803229941385073 5.509688773401784 1.8897030090748845)
(1.9460330987727652 0.4262106786656625 1.0696517032565445)
(1.6065725582287818 0.03191005079642101 0.5268308388893578)
(4.96272790244221 1.469442339867866 0.9795215597367505)
(2.788724440642233 2.272473618584166 3.6563958222889608)
);
